[0, 0, 0, 0, 5, 0, 0, 0, 7]
[0, 0, 0, 0, 0, 0, 0, 4, 0]
[3, 0, 4, 0, 0, 5, 2, 0, 0]
[7, 2, 0, 0, 0, 1, 0, 5, 0]
[0, 0, 0, 0, 0, 0, 0, 0, 0]
[0, 6, 0, 4, 0, 0, 0, 9, 2]
[0, 0, 9, 8, 0, 0, 7, 0, 5]
[0, 3, 0, 0, 0, 0, 0, 0, 0]
[8, 0, 0, 0, 6, 0, 0, 0, 0]

[4, 1, 3, 6, 5, 9, 8, 2, 7]
[2, 7, 6, 1, 9, 8, 5, 4, 3]
[3, 8, 4, 9, 7, 5, 2, 6, 1]
[7, 2, 8, 3, 4, 1, 9, 5, 6]
[9, 5, 2, 7, 3, 6, 4, 1, 8]
[5, 6, 1, 4, 8, 7, 3, 9, 2]
[6, 4, 9, 8, 1, 2, 7, 3, 5]
[1, 3, 7, 5, 2, 4, 6, 8, 9]
[8, 9, 5, 2, 6, 3, 1, 7, 4]

Maximum total value: 19
Value: [1, 4, 1, 4, 1, 2, 3, 1, 2]